"Income" "Age" "Spending_Score" "Shopping_Frequency" "Brand_Loyalty" "Website_Visits" "Social_Media_Engagement" "Email_Open_Rate" "Customer_Satisfaction_Score" "Promotions_Utilized" "Cart_Abandonment_Rate"
"1" 70564.3767072 57.8697814568877 2.6647933227412 6 5.85480849922171 27 54.5591061280954 24.2204927606508 104.595440518129 3 58.8194946758449
"2" 41529.5274290587 20.9490775943268 29.1747829415292 7 6.48202352598571 28 47.0057277854665 37.8015214577317 62.6994970093427 5 28.8941476261243
"3" 55446.9261700601 56.5327191168908 8.28553653622631 8 8.74959489893891 38 48.6031059611604 10.1858913898468 98.5776782645382 0 1.24903155956417
"4" 59492.9390744156 43.3499338235706 28.27843759392 8 10.0098392962007 28 53.4307642723875 33.6718569276854 70.8916789553847 4 54.7063239384443
"5" 56064.024847115 41.4539446502458 16.6980618169684 6 5.67167125475448 29 55.3271335171034 37.6265352359042 68.4646095288018 2 26.0179190663621
"6" 48408.1322586277 19.0446840785444 48.7847715773491 10 11.0055243619097 29 62.394772380152 98.7654652446508 68.4696212918248 3 4.02027962263674
"7" 72672.8299615841 44.0423773257062 34.5168455960488 12 12.7763504389828 33 45.9205444535951 9.26451589912176 59.3879409310487 2 55.152166634798
"8" 48580.1144238035 51.8351873371284 20.0810933166769 5 4.3069689316803 24 43.8243591366499 53.4528076183051 68.4861212480636 1 42.2096595633775
"9" 80276.3557081556 29.0786157769617 62.1775662081454 14 16.9016534680666 33 78.7607860805029 8.5980603704229 69.2316374566681 0 69.1703210584819
"10" 49059.2885142137 56.1583450159524 10.2538181998635 6 5.91124356755054 30 40.9093357928246 88.9432162279263 71.258184252366 0 16.2878629053012
"11" 69573.0448133523 37.8092731619254 43.2728406190117 13 16.1159823599765 29 53.1489823383596 61.9887066073716 66.9210440240285 3 16.337334481068
"12" 84299.6808905166 44.5507958892267 36.5821978776283 11 11.7893582488539 33 60.6392775586631 99.5580677175894 81.2542451566012 5 8.10075651388615
"13" 29167.0894833149 25.1294668766204 24.3441390579375 7 7.85355409966895 30 23.887873516543 39.1090697143227 97.55896086862 1 27.477959706448
"14" 45818.1684977394 27.1552444687113 37.4730581877234 8 9.69664100205962 35 62.5839560107943 9.25224120728672 56.8150607402942 5 12.1939580189064
"15" 48000.1799540951 25.838802712271 43.7154310123444 8 10.7638887612076 32 58.4027040815041 86.7162486771122 81.7253032425979 4 4.58031506277621
"16" 59539.2559710511 57.2501498914789 7.66100037275544 6 5.76566287379021 32 45.286418080014 44.5215511601418 72.7461835209578 3 4.10237135365605
"17" 45736.2061787589 23.2206847639754 38.158256849852 8 8.66092227296029 39 45.4431117535435 83.5861905477941 80.640891299041 3 67.8312618751079
"18" 10153.1686864284 30.5992950114887 3.10559729027278 1 1.85837855835956 24 51.3256226136824 49.8935230774805 59.7098227020262 3 82.9922319855541
"19" 13392.9960713672 55.5286056050099 -2.08984284354083 1 0.448582013940419 30 72.4819234779111 5.67599746864289 48.8876633089685 5 73.662813869305
"20" 69801.7001859529 32.0496821850538 50.5699191152195 13 15.0942912041956 26 59.4716304530115 88.6073793051764 81.6247822469703 3 61.4446701016277
"21" 45400.4210888229 58.7757313672919 13.749295530445 6 6.00331482630601 18 42.7585549303054 84.4288761960343 64.3281537872087 2 47.0457446528599
"22" 23280.3734903 19.8528926137369 17.5182877292712 4 2.88880732537299 31 44.3867846436248 37.1286071371287 84.927045177414 3 56.3377828337252
"23" 47421.2396636057 33.9717049715109 30.3641854197462 7 5.29960629127187 32 44.5546588875604 89.3579772440717 47.1400045472444 2 51.1153599480167
"24" 68220.120487589 32.5510164869484 41.9494317450645 10 11.6451343945765 33 55.5396535416057 62.3347918270156 84.7932756627504 4 52.7078629937023
"25" 78427.9019189745 24.0843232122716 72.8155531892264 13 14.3090084301391 24 72.029998365982 64.9416590342298 70.5785331964652 5 0.600075931288302
"26" 43542.963025907 35.5702207928989 25.6781925461489 7 9.19492979862288 25 48.6764006672821 57.1998800849542 110.943465291852 3 69.9439435033128
"27" 46140.9592584661 39.8533845595084 25.5820189503199 7 6.40124151651952 38 53.6242818839722 9.48341067414731 62.1065999672416 2 92.1243268530816
"28" 23552.5537220783 20.1905848777387 24.1949527880494 6 5.55171409995937 37 52.6452599539677 64.6089478395879 97.4690543445544 1 87.1995389927179
"29" 56901.4603224691 64.4132613642141 -4.5610486126737 6 7.37677806410977 36 71.0557577863459 68.0550352437422 90.7216644351616 1 38.0861275130883
"30" 40400.0768605982 60.6972595283296 3.17481144809949 5 5.04228474154796 28 36.0070790985773 26.0266114259139 65.9472668885746 5 75.3952153259888
"31" 56831.7518486183 64.0313368937932 0.0295809842477128 6 7.05677019379052 27 46.2767883336128 90.2734345756471 72.4658048871511 5 27.4482714710757
"32" 60572.5600584323 26.0121940469835 53.6233994639589 11 13.4655408126832 24 56.6754834792837 99.4994562119246 66.2318698834785 2 2.3182041477412
"33" 65526.5528295488 20.0085155807901 56.5600931425787 12 15.4850684627337 26 41.1742691585167 31.2406168552116 76.690698577093 1 50.7843573810533
"34" 40866.1043688918 24.7131211059168 29.0292943541097 7 7.48402648928392 34 40.7147625613527 12.6999367261305 77.3771647646853 3 69.5737953530625
"35" 57574.3268494696 34.9472995526157 40.6434605057806 9 9.02665338437895 30 83.2903065297287 64.3583927769214 60.1697736305138 4 72.6623334223405
"36" 24244.8698138999 43.5877658333629 8.10497515730542 3 1.94417308666726 31 52.0424903573065 37.837662990205 82.8525190335391 1 48.7049412447959
"37" 38233.1148743076 62.0576410712674 -0.907956874906028 6 5.78434161128441 25 41.6266601558217 93.4852591017261 93.5449549713724 4 94.2219854332507
"38" 37236.3860873522 47.8707966967486 14.1359107507446 4 3.78350696843158 31 53.9883722635595 66.1383914295584 96.1995086440405 1 38.5052077937871
"39" 13786.8852508005 40.7830869844183 5.50174644570687 3 1.64844436714135 24 45.2903130955838 87.9599241307005 58.4803952411786 0 65.1198427192867
"40" 50541.8391033838 22.0371226929128 55.5323932777412 10 11.4283497671249 27 37.330184708521 66.6958688292652 73.9889440135768 4 56.3123589381576
"41" 53089.9790030038 62.4109197920188 4.2222150209414 7 9.03971621813958 32 55.2453302508032 42.644271440804 66.4858810096958 1 13.0316500784829
"42" 44584.14052177 34.2955472751055 29.9340053531167 7 7.05029481120286 29 67.9973453071595 12.117423536256 76.0246047174747 3 18.0353465722874
"43" 61372.4485354928 35.3592724953778 43.3601410005489 10 9.98438282683527 37 70.7217924207295 95.8011272363365 76.8332831228496 4 46.8401821097359
"44" 39099.4275938514 47.3349909207318 14.3958352630545 6 5.07042078538647 31 39.3456849990185 44.0314306179062 62.5011241197244 2 99.9679790111259
"45" 29475.7843337106 52.188073793659 8.27862560161113 4 4.88668134608616 27 28.1800821846755 44.5281862746924 74.1410229728069 4 54.2820695089176
"46" 56492.2703883308 27.3026211217511 39.946485135083 10 10.9733817224659 31 65.7411099810965 8.08881823904812 90.7260666874308 4 65.1126524433494
"47" 37829.1023571999 45.6696144037414 4.09367764174575 4 2.31147884416715 34 55.7010516425144 15.2905059978366 72.5440979300384 0 56.5230777021497
"48" 71661.5189258188 57.6161668472923 5.22219339261124 9 9.93798309108225 35 39.7309677761076 82.0517539978027 69.1432688550593 1 78.699166350998
"49" 43528.3069607998 64.9708145176992 0.597576822015509 5 5.34091174729932 36 40.3591776143297 34.7392267780378 83.6581640217799 3 83.7551409611478
"50" 59834.7182510331 18.5375977207441 53.9838284267164 12 12.3554312683487 30 38.240617204134 17.8884231019765 77.9246423627828 2 23.209789255634
"51" 54828.8789780592 56.6025969509501 13.2402131341857 6 5.32585002323731 34 52.866478899184 76.4815728878602 81.6278648704164 4 46.5230552479625
"52" 38242.4158867944 27.6643198444508 34.0042790867753 7 6.93320438587247 25 53.6384050624149 13.0041795084253 85.5700730037899 3 52.4360027164221
"53" 73635.9127968797 23.3488280060701 66.3426897532669 15 16.1080122656989 31 52.2154674260365 81.5932997502387 70.3460518380709 5 21.7170478310436
"54" 59643.4895857597 50.3400261891074 17.5953758167481 8 8.12253183691056 28 47.622915953516 49.767216714099 69.7641426297208 3 79.7802418237552
"55" 51346.4096989941 30.829182012938 30.5023766569171 8 6.37405704526157 36 47.6260009698343 87.9113807342947 58.7697040734083 1 91.8131498619914
"56" 54148.2612093719 56.6889843200333 8.030355530104 6 6.39035577998713 37 52.4389110030789 10.4533874662593 59.9802656960994 1 10.4128674603999
"57" 60189.3322408291 48.2866309022065 19.1390286628606 9 10.8534149592333 23 53.3714991716673 87.4156221514568 87.5330455328339 0 99.69769672025
"58" 51347.4932986862 42.8114072028548 27.5571801898052 8 9.83345957906016 19 38.0167229167178 58.4255188703537 71.0169441845022 2 35.9035870293155
"59" 5103.64875270598 19.3465955008287 11.5005719588281 2 3.78189468682023 31 65.5537304244255 56.3487589824945 74.4767971687883 3 38.1949321599677
"60" 54273.2443029599 31.4969918450806 41.1927961553448 8 8.98671928716241 35 35.8647235970425 28.923545521684 68.4842586184788 5 14.5553538808599
"61" 44491.4803588854 19.6724258374888 37.2668738254448 10 9.65104916807516 32 37.2964739705445 59.5790769439191 67.1093145932553 2 82.6409351546317
"62" 52778.4584729841 60.1997938209679 13.7453584946889 7 8.1140431183048 29 35.8911137039808 26.4900410315022 85.5074719933403 1 68.5308350715786
"63" 58727.3559104826 24.15554001485 56.0876617265025 12 14.2766381347991 30 69.7343141500968 42.3443772131577 70.3876530055233 2 86.0465443693101
"64" 70996.0524093902 20.4178721739445 68.461331263644 12 15.2909602959461 42 55.2808604581338 5.53559535183012 61.613873872416 3 59.0394333936274
"65" 39090.619107883 35.1054865724873 13.8313012426837 5 6.09807239902611 37 49.8415835997908 56.3323730137199 62.1357050590464 0 82.1238730335608
"66" 69538.1394806622 50.6875968012027 16.4027716932223 8 10.3379483292259 30 42.118409719952 0.663479440845549 80.514014846066 2 7.62452888302505
"67" 55037.7217962811 59.9385291726794 5.58419473360974 5 5.89705694168689 28 49.7844291558206 95.735769579187 49.6026178379131 1 34.229223546572
"68" 65577.5914804643 29.4809811681043 53.365076459847 13 13.1407845116763 40 45.5228123732329 86.6564126918092 79.400598036305 5 28.6558490479365
"69" 63810.9285243597 36.4224206563085 32.8996677853046 11 11.3086745177526 30 66.3964123951758 4.98399033676833 53.634622708651 1 74.6815570397303
"70" 60813.1724430029 47.147280639736 39.1555799121827 9 11.8009914018316 32 54.4359076312695 96.0839955834672 67.9180030062657 5 44.4111111573875
"71" 34353.2159214822 44.5313579309732 2.19180512007166 3 3.83742258781387 37 34.8228926436113 93.5049906373024 55.580575861554 3 89.0098298201337
"72" 48647.2042008394 19.9458738430403 45.4534637692445 11 11.2038640548576 26 37.1624120659564 89.5532578229904 102.258365981322 1 11.873197928071
"73" 59352.7724299932 40.2894438342191 29.9072935225472 7 6.98816353646415 30 57.6370943478473 38.6762317270041 84.8719369877667 5 99.8600093182176
"74" 35697.1496334148 62.6126459736843 -1.50360620213154 4 3.27241186903719 32 40.2698022541582 46.7508682049811 79.1304927807467 3 64.5418038358912
"75" 41857.5677813922 29.2955732152332 30.2029286637231 7 7.59789281546239 30 51.8196875460203 37.9191788379103 88.3987644273905 2 65.5299861216918
"76" 58714.9474652252 49.8726600033697 22.6098688344733 8 8.53434233091268 34 44.528595786671 55.8541167527437 94.5662013184877 1 41.4760776096955
"77" 61522.6810675189 60.9313126546331 0.954420746868142 6 5.67452775607944 34 47.9537837932202 82.8426464926451 51.3549033105575 4 52.8518449282274
"78" 56956.5138281025 20.1423317277804 43.9462801736562 11 13.2592466930264 33 51.5011037264355 63.8554447796196 62.7921601608552 4 88.4869313798845
"79" 36713.3555388548 24.412075168686 32.1734972782286 6 6.32510396039034 38 60.1578454148716 16.7354606091976 86.4608227436196 5 17.139217723161
"80" 33503.2865202822 22.716648953734 30.1319908365972 7 8.0514108721165 27 50.610332875504 36.8005266878754 67.7879237063901 4 29.3045405996963
"81" 72690.6051470739 37.2537669041194 42.8470600209364 13 14.1720949557317 31 50.8839439924007 78.5224476130679 81.274480652037 1 50.534550473094
"82" 53868.8215629805 63.5875487248413 4.95871453678896 4 4.53267156929287 29 58.1743940755525 68.8871439546347 81.465094287269 4 55.9080643812194
"83" 51326.6034373938 35.1072786047589 32.5786690749846 7 8.62569844660963 30 50.9250836352261 57.6628657523543 75.8211626950949 4 75.991022749804
"84" 48186.5519369137 52.0703664366156 17.1362874763663 7 8.22370867438831 34 50.7561713936637 79.6692946692929 102.482045391568 4 11.9671768974513
"85" 32085.0665725921 51.026032732334 -0.514194321340394 2 3.01651043992548 37 49.2931675801183 57.8256985638291 75.1114904424069 3 74.7196746291593
"86" 59179.9534706058 19.1662862058729 52.0705241149603 10 9.16170806720483 28 46.9654815944126 82.833637483418 73.1198876644172 3 67.6737210480496
"87" 46742.9023138022 62.4619313979056 4.26818280970367 5 5.55341323180957 26 66.665996411163 31.4716486027464 84.1866474337656 3 18.2419465854764
"88" 47258.6494050212 43.0741009246558 20.2820688084849 6 6.26622672146877 30 42.1047818928628 87.8077268600464 76.7568414855 1 35.8736352063715
"89" 64000.1949285674 50.7265308033675 24.1601455617452 10 10.4164426980862 32 43.3053800219229 77.5542916264385 50.497444811775 2 50.1902833580971
"90" 62326.5966576237 20.1271026269533 54.4822512784066 11 11.5834615376884 28 29.8168141894932 33.681679610163 74.8560872592648 4 2.71316736470908
"91" 70881.7456390141 61.0788571629673 9.53307641118193 8 10.6107803637524 26 36.0323166849547 81.0602595563978 56.8542320224255 3 13.9418526086956
"92" 42857.3911541799 19.5436783863697 38.1056098232515 9 10.0296046587866 37 43.244742279337 63.1037615705281 77.9899653442517 4 50.711428374052
"93" 59755.2284108946 54.5329703229945 7.74245326829493 5 5.3543993650179 24 57.2714125497457 28.1548105878755 66.4961208529419 2 65.7782512018457
"94" 70866.65684585 42.7286634612828 31.8667222231165 10 12.1075810297844 28 47.1754044782014 45.7702845567837 43.9849941362815 0 64.0028189402074
"95" 33338.1668082815 30.5077285312582 24.7150476758744 7 6.74462396950363 40 48.9025906885953 39.5533009199426 67.4384693407146 3 53.6184976808727
"96" 37088.1111968324 41.7319957253058 12.2225759342496 5 5.39937623537762 17 46.4051388471228 9.9032066995278 72.89965217654 3 75.7270624628291
"97" 33023.9197871935 43.0272770342417 11.6188096102761 2 3.52785979733529 34 41.6693310331826 77.772238990292 94.2689357074328 1 88.7850113213062
"98" 28111.7900074641 22.0829011180904 19.4388018514385 4 3.76494965006745 30 48.6973691508042 18.1923298398033 83.5272913761446 0 68.4526180615649
"99" 51199.7382986174 61.033267198829 9.40505459774563 7 6.79128651749837 29 48.8755329481327 74.87310343422 85.1325353924098 4 55.9869718039408
"100" 59798.0650947379 44.5083883362822 29.6895254216365 9 9.35056297969356 28 60.8584975682743 38.8229815755039 81.4557483064775 3 48.327162140049
"101" 68014.4806339774 20.7838347319048 58.8233114705512 12 12.3021748898652 25 55.926442407017 3.61216757446527 37.1643292397501 0 84.2965764459223
"102" 65671.2663075159 49.6181076299399 24.2792481088641 9 10.2358375767353 34 52.4671474053221 60.5108516290784 79.0185766661651 3 89.4366277847439
"103" 34951.8702974023 47.4841658545192 11.7478623143674 5 5.55872548386864 28 44.1892872046672 55.45925416518 86.8023310926797 4 72.254175436683
"104" 77727.2285250912 21.4242047374137 66.4974198640035 14 16.6210176695028 29 34.9411644989981 88.9584108721465 53.6490429335198 2 94.8004542151466
"105" 39998.3988686327 38.5721375464927 24.5968847227708 7 9.21937856443501 29 55.2729146208112 5.95050149131566 64.4261459585014 4 19.7914241813123
"106" 51582.707186841 48.152415060671 16.8755471797221 7 9.00090004603241 33 36.8401184681419 79.4326504226774 55.1296342189245 0 8.9549409924075
"107" 43666.1617719672 56.0685658953153 12.6988026223582 5 4.09137258135148 30 41.946714360672 79.1076211025938 80.3161401164114 5 6.79410072043538
"108" 48164.7474206754 36.4123896856327 28.3217464374439 8 10.6250149753808 25 49.0212481008898 10.6058237142861 74.3173460611013 5 67.3354295780882
"109" 52822.8955175225 54.3508718847297 17.9087383527664 7 7.75156848964388 34 64.8959021252273 54.2363303015009 90.5786340719194 5 48.3773013809696
"110" 51787.4143699551 59.0495708819944 4.0077165563347 6 6.12627235629764 32 63.380143278959 72.6171584101394 72.3431396905611 5 57.4633723124862
"111" 49623.611736989 47.0607164748944 20.0384217669112 5 7.26174671170593 26 45.1120537402411 36.4092299016193 84.773294750221 3 98.5929490532726
"112" 51621.0909191305 34.8135066486429 35.0059341881022 10 11.2805409911778 23 65.6025071935196 18.1740464642644 67.6095149941908 0 0.699610449373722
"113" 42718.4714623 61.8160640138667 4.28943300187484 6 8.12822215516001 37 74.2514575982197 61.5330586442724 79.1130688292756 1 77.7339323889464
"114" 42436.7430396814 53.0022769153584 11.8425694547409 5 5.28436124940067 34 47.8714759971612 81.6031628986821 55.4375355889677 0 71.3461922947317
"115" 25083.5138012778 20.9876956052613 23.4240224944703 4 3.32090062732347 18 52.0743734341354 34.8392927786335 55.3016586002979 3 69.9667254462838
"116" 44264.9940968927 23.0855648631696 39.021041435706 7 5.52260053366012 23 50.5295590494638 17.0074341120198 67.4626688553538 0 36.364466836676
"117" 42310.246131833 56.4825609039981 14.4927088386099 6 7.51853605181335 25 61.4100026964801 79.5883952174336 80.3688661640929 5 73.883330123499
"118" 90528.365005172 55.2746160868555 23.2730593274918 11 11.6666759682231 28 33.0544729048766 10.7322873314843 91.4967283596057 1 61.7609251756221
"119" 29568.2565321542 20.6840307030361 24.8302601779628 6 7.04803325063804 41 45.1992636747793 71.2990603642538 63.0003007902037 1 90.1406865566969
"120" 52058.8432783791 60.6581690297462 11.7913498937921 5 5.54995854626258 33 47.0034722625423 53.2497758511454 66.3836193929209 5 47.687121364288
"121" 27595.6239902556 51.9170148398262 8.40554801867525 4 4.5625999400262 24 62.4303510731985 5.44642379973084 66.9437238207187 3 95.4324360704049
"122" 27943.4638784481 60.4272287497297 -0.484330278054508 3 4.33802149004002 29 55.9733299620431 20.808697771281 90.3848433796561 5 52.7432148111984
"123" 51870.5357929551 43.1785704640206 24.9317611233133 6 6.02858733914906 25 40.4673669929079 89.0790454577655 84.8269464063883 1 83.2548234146088
"124" 35050.4129767394 34.3813487756997 22.0480278863526 6 5.81719201875361 30 46.7356948790901 85.6513301841915 67.1826399248152 0 6.62847692146897
"125" 49972.6607854294 57.1647887497675 8.83547146188053 6 6.25978047306793 19 66.3999532606358 86.4387021167204 70.6946390488143 4 90.1794929988682
"126" 43576.1167786128 55.1454625832848 4.26967759670518 5 6.40148602191 30 44.9237634350089 14.7084631491452 90.1194090447671 2 9.92637346498668
"127" 40794.9259032576 42.9762258364353 15.0170062857063 6 5.89500208802395 27 52.0913570207681 75.1525223953649 80.852879342694 0 84.9664315814152
"128" 19629.8323187134 54.5997917111963 11.158304308721 3 2.78993144258458 32 68.17738832045 69.7076045908034 103.076007243283 3 17.9000523639843
"129" 31628.7807446002 20.7428704893682 34.5898130713191 7 8.04960043677367 32 53.5591957248856 92.5762370927259 67.672705954182 2 91.9855932472274
"130" 52692.7466167691 39.5311900370289 24.1350276281962 7 8.38930847864406 27 51.4503815611766 83.7871357100084 71.2684327353499 3 37.5073808711022
"131" 58514.308916353 19.0495588965714 52.7071629455568 12 13.9692344864522 27 39.3867566168636 81.3224558252841 67.5997243454933 4 87.6406141091138
"132" 42606.8396966979 52.7747882453259 19.6991685892945 6 6.44491361821446 33 54.8237766478196 36.2547766650096 71.3004897073493 2 75.6272085243836
"133" 50000.9432609803 51.169643020723 24.2586341000049 7 8.33647093945118 24 62.5294280726739 22.5893486058339 100.592162254381 0 5.48733007162809
"134" 66843.3446506995 18.2682134897914 62.5761857621021 14 15.8401428991971 32 51.7757142696752 67.4275175668299 71.2812473641899 2 34.3740939162672
"135" 71597.8361446428 40.1254013467114 31.3813979112304 11 11.6638871060006 32 47.607193799124 7.24453069269657 50.417220939106 2 22.6137650897726
"136" 33543.2934739127 46.0201104625594 26.6631780650895 5 7.0146805937822 30 43.4777869067617 27.6399147231132 58.1402667140451 1 71.9872589921579
"137" 48240.2065962473 31.3476988468319 35.6884415944566 7 5.68575270683266 23 48.2952421629629 50.5122035974637 98.8446348956368 3 40.5495404964313
"138" 68022.4760137955 20.5953066556249 65.2000726078946 13 15.3113998781211 36 60.4872393781817 12.7874668687582 63.313836441227 0 21.5316970832646
"139" 42954.0562915055 35.7600916458759 27.1035059279749 6 6.74239950197266 27 51.3313195479155 99.5282964082435 60.3453484389959 0 49.1831973893568
"140" 49212.9577259151 42.9205224020407 30.1433732217909 6 6.50512494787423 33 63.0304026369397 0.977244577370584 82.8807728962928 2 93.6873028753325
"141" 48708.3905264437 29.7959692608565 35.5250415328318 9 9.1028459374244 36 59.2333052139609 69.6188664762303 67.3436099749434 5 97.5198590895161
"142" 36684.8147314035 62.372065148782 9.34813748340027 4 3.94352049987747 31 45.7814912014043 17.7067840006202 98.119253095754 1 49.5912723476067
"143" 43329.7399267289 38.5619487334043 23.2702096709468 7 9.27928647343739 34 43.7672133680728 6.99612023308873 72.0654292038476 5 65.1674635475501
"144" 49558.3268136764 50.950139957713 17.3403582752396 7 7.47063463504238 37 52.5688802960621 65.3641873272136 92.8355344841194 2 38.1435207556933
"145" 43791.9672641311 26.2648509216961 30.923757105983 8 8.16527784721445 39 54.3330449344397 42.8377259755507 72.6637751178825 5 85.6919847661629
"146" 66700.790350523 29.3728166674264 51.4132457880544 11 11.3404071467783 27 38.6747527841332 52.9562999494374 56.2690881598075 3 85.4635128984228
"147" 42785.1073751903 19.1131095960736 47.7751606564932 8 8.03557776805883 32 41.2604570312997 54.4784125406295 81.4619805100701 5 39.3113556550816
"148" 43502.4645109891 33.4522392884828 28.3830840592341 8 8.46016584314311 28 50.7603704233906 14.5371443592012 45.2933209770086 1 30.1312957890332
"149" 60452.9386482815 37.4152970009018 41.8927273589228 11 10.7528604474548 37 30.5436066755719 72.2712516784668 69.8844711539871 2 57.4309488292783
"150" 34154.4738024364 23.1114641176537 44.0760011186205 6 7.40588713329647 34 47.3144290775421 46.9091215403751 38.3393585391723 4 67.1051993966103
"151" 49389.5228727318 58.0464562289417 12.0166893659573 7 7.6630725526072 33 59.3232595522681 38.7506532948464 85.2326644372197 0 42.8959214361385
"152" 26726.8276647862 18.425817114301 25.2416140607152 3 4.52304796501256 28 40.9967184881976 0.784537219442427 99.7453630737746 2 4.07214318402112
"153" 67507.5432385352 63.5788858530577 2.52358418622603 7 8.7744320883335 36 44.5290291545881 94.9533937033266 74.4477948039466 4 43.7785383313894
"154" 45895.3144793888 55.8183945352212 6.79614678778279 5 6.78144590561175 32 62.8981401292553 79.0891911601648 81.4831856866184 0 17.4475851701573
"155" 42982.3201299162 41.5488667809404 32.3398098783414 7 6.13208313593653 26 45.8490365731052 69.8152970522642 75.9186409029867 5 96.3228249689564
"156" 31426.2150802068 61.906419537263 -12.7253975639506 3 3.68620294801759 30 42.6894636011417 19.2218562820926 96.954859936427 2 2.03344714827836
"157" 49883.5694933401 39.9890544684604 26.9498718240105 6 6.1286469610103 33 37.6873477695529 50.1325460150838 52.0750807137699 0 62.1150566497818
"158" 37995.7673307251 42.0159094028641 19.1315009089815 5 5.22576257358376 33 56.5678313357614 45.0231126276776 38.1644054539774 1 29.193724761717
"159" 41997.6150507435 57.1144244465977 8.11352602614503 8 7.91681701750591 37 46.4837737099249 12.4517096672207 81.5635075552513 0 64.2517825122923
"160" 69315.1286837688 25.5505310893059 50.3905830868618 10 11.3615229617004 33 52.9504891110728 65.9519320586696 88.342261238623 2 63.1278081797063
"161" 47367.1119463681 42.5039916720707 23.7527799614049 6 6.55304154112123 30 46.7507505790985 57.9439020249993 55.8427629482505 0 48.3280611690134
"162" 33923.2642377399 38.3776370761916 20.1535840233739 5 3.09609374421847 34 50.3319744847611 19.7541557950899 76.6436219777191 3 37.7722790464759
"163" 52448.1032370107 33.595449969871 41.3379847131334 10 11.7200225387352 31 55.6027937100637 0.463999924249947 75.7277560802772 5 27.4592271540314
"164" 44558.9237655808 39.0571162928827 27.2130565080505 7 7.64757197759531 26 37.3025414846626 92.8750887513161 58.9960392257567 4 22.9094626381993
"165" 58850.2032198101 19.934865932446 62.0047670896028 12 12.2074390388329 24 35.4231600200236 43.2506016688421 72.4524194105172 2 41.9756930088624
"166" 71486.3289159648 29.4381103853229 49.3016151267655 13 13.429012122433 29 45.7502501378915 62.0532091474161 63.2675767870997 3 82.6139827724546
"167" 35109.6123333576 22.8489738269709 30.8653378111114 6 5.58949324827104 24 43.2080947718992 16.2855449598283 71.3113775343974 4 11.2300863722339
"168" 56819.7544637042 35.0671545469668 37.1454323163425 10 9.36400441188707 31 61.1189476188231 66.6286082472652 76.5086924458705 4 20.3922102460638
"169" 51273.4708801773 48.9138755297754 18.9098401806544 7 7.72921619890502 39 49.820249525061 65.9434894565493 66.0652844303089 2 49.2210607277229
"170" 63433.4837339682 37.9768638864625 33.0026652369292 10 12.5600910905793 30 33.9280742155088 79.1138248285279 80.0599648181359 0 76.5788174467161
"171" 46553.327915806 21.3930519809946 50.5883819560961 10 10.9412353585077 35 35.7969947028046 75.2356836106628 85.3748964784992 4 22.5414541549981
"172" 62549.2860269092 50.2956359980162 16.5102599939962 8 9.36212281563743 36 46.8961893595867 82.1519922232255 82.8001370918704 3 71.539971511811
"173" 23824.1620799496 58.0809433187824 -4.56430034384597 1 -0.475360735390163 33 71.2973867719398 25.4239552188665 78.9376722919098 2 88.2797400234267
"174" 75341.8838197006 58.7592249838635 12.0165302595628 9 8.56761161334978 28 47.8431600518014 70.7057176157832 95.1120851045451 1 18.2333556003869
"175" 62971.6696777787 22.1868473940995 60.6848134867261 11 11.2590513513232 28 41.5798077849016 17.1804710291326 53.0062651136099 5 93.4499556431547
"176" 47738.3601667138 18.6127913226373 51.83657737558 10 11.4945605297992 31 48.5632131149692 99.1096212062985 80.8088187935393 5 57.3769545648247
"177" 28264.8930479125 37.8930352956522 11.5703015055421 4 3.21524836939217 32 41.4979442810763 63.6586774606258 97.6255039162049 3 12.0921504916623
"178" 59645.1305006297 63.7431471794844 0.353560955927636 6 7.15629919951028 31 57.9872587476836 27.3222994757816 74.1467617385204 1 16.1501107504591
"179" 57247.9079572215 41.4562001202721 22.0351216674728 7 7.44986496011551 21 43.1570929062148 21.3070908328518 67.895119947968 2 9.78450945112854
"180" 49904.6656036792 64.7486724092159 4.49067869719792 5 5.79255837060688 22 38.1334130519348 94.0719202859327 71.5408602325707 4 83.8321739574894
"181" 52271.8383929364 41.259445624426 28.1419394425916 7 6.56582901927892 30 46.0211280587223 4.22126778867096 60.3604232480743 3 31.3835808308795
"182" 41238.3654447529 23.782673262991 40.733391286125 8 7.55270719315327 23 44.4164780699195 8.78943304996938 52.206598450266 1 82.6088729780167
"183" 55532.1009894536 44.3381307928357 27.4540750529274 9 9.7280839218774 32 50.723785123669 16.3324359804392 58.0182676252775 4 47.6199248339981
"184" 54419.8150957927 29.2467487619724 38.3598200917623 10 10.6957725118823 29 56.4277644512334 30.5725058540702 100.98684932408 1 33.894369774498
"185" 45811.1093998614 52.0867748032324 13.48486848615 7 5.72386713755084 19 51.64403327545 71.0601230850443 96.8449172024115 4 55.0957047613338
"186" 29956.4501766027 54.9432875728235 -3.13218742123295 3 3.62933440464172 23 56.5804663079022 31.6214383812621 77.0494743583751 2 98.4687072923407
"187" 60511.2322766005 39.1397486233618 35.8091074114887 10 9.06088821415835 34 42.255802576912 58.888992946595 37.0909129706737 2 78.7545098457485
"188" 58312.9493341105 40.0467562004924 35.8040115419115 10 10.5583450016293 32 40.9142424830098 18.4547388926148 54.911430164899 3 56.8690435495228
"189" 37455.4011079788 36.8874211208895 18.0248870965967 7 7.42676401086482 37 47.3583669912847 0.123186316341162 46.1563238667923 4 15.4796714661643
"190" 26081.1775699064 60.411649066722 -8.13396108830134 0 -0.701999719088772 31 51.0299874067344 54.3111039092764 42.5009981828395 1 70.8861059742048
"191" 53074.3787088145 44.4933552581351 15.5428286681783 8 7.29972063190019 33 44.9571357270576 10.9269488602877 74.727999706381 5 59.7334322752431
"192" 44823.6803304066 50.476843793178 8.28507515638138 6 6.02747118364242 39 46.6809494118773 74.2114985594526 56.6345074295032 1 64.7304628510028
"193" 53789.1755504668 33.6168891366106 42.1213377659905 11 11.8716884811913 23 56.9832038595586 83.5416200570762 39.4824422393434 5 26.1449871351942
"194" 30589.9630177317 22.4586129947565 27.7054831904939 5 4.24013516281574 41 57.411480442596 20.5973142292351 78.3413771472855 0 79.9365304177627
"195" 35612.4433342946 62.0814797403291 -3.97757639023084 6 4.93102723216242 25 57.4908990905456 63.5961947962642 82.4261855454693 0 27.3492360021919
"196" 66286.6228051985 49.5378959984519 24.5855308226895 6 5.46644155015195 34 53.4953712352143 64.048726321198 61.6419250437353 2 5.47544558066875
"197" 56056.6235707357 18.7047223045956 44.3003586760507 10 10.4056298147684 32 61.4310347162964 17.0905116014183 102.979547391467 2 70.8533864701167
"198" 58797.3130507895 23.3163471147418 50.9114051144067 11 11.6274096933493 22 56.1233249429769 73.6739259911701 73.527049837601 3 64.486172166653
"199" 77228.4266923093 57.8461703045759 17.3191572379816 9 11.5485557938364 41 47.1252932329693 76.9072376191616 69.040489303539 3 54.9379909178242
"200" 51932.3214290358 39.0005137673579 27.019584368643 9 8.4862458304785 36 62.91614952547 53.8960768608376 71.8547912506046 4 7.57541065104306
"201" 19986.0614340273 36.8883782976773 18.4812469948066 4 4.34226509187001 29 46.1742857760862 58.9215198531747 69.8129757494419 1 76.1010939022526
"202" 55006.6579615036 38.3140674999449 40.2086185362316 9 9.40621995856256 34 52.8466021015166 21.1512635927647 75.0861086679714 4 72.0136095769703
"203" 67569.8769103819 49.1894074513111 16.8910322114649 10 11.2137789756715 30 48.5252349090404 56.6438921494409 47.9658885397423 3 20.5057755345479
"204" 80893.0886344896 26.5713582786266 60.3792325319006 14 15.1576526000211 27 36.3711016911843 13.5167126310989 75.7890288776921 4 44.5004712091759
"205" 29347.0760263922 57.4019217181485 0.172007355228666 4 4.91760666789943 27 53.1094346605664 7.86903495900333 76.3350537508472 1 53.4559771418571
"206" 32737.1665155934 61.1165298265405 5.34861483770823 3 1.41579724524927 24 34.3947033269806 19.7202248964459 101.367124568454 5 92.324192635715
"207" 39412.6790785982 55.5201499725226 12.1248901000558 4 4.38664421158226 29 61.9926768892669 2.7465095045045 60.200107044071 5 42.9197279270738
"208" 34189.1632688421 41.6436452404596 23.0357747904348 5 5.24590750459872 32 54.9255860663187 69.826542516239 81.8184926694716 2 84.7394708776847
"209" 40313.8441528626 29.9595963614993 36.5529663722492 7 8.47897853050146 33 52.9257331603633 13.9816589886323 74.8218754464891 1 84.6996892010793
"210" 47219.3304848524 49.3605354807805 21.0911092601803 7 7.30932392798224 29 48.0605285598604 96.2651110254228 70.0481734571923 4 84.7405025502667
"211" 31981.6692389002 62.2316706150305 6.58274543106987 2 2.57118002564586 29 43.017819544433 97.550954669714 81.7583086102363 5 48.8862266764045
"212" 80554.5825047473 64.0957683767192 2.36666072024605 7 8.30731714866019 32 62.5765945421234 27.4244121043012 99.6300119281413 2 64.1021742718294
"213" 51616.6211732832 20.457971872529 44.4765198056362 10 10.2046862646773 33 50.2003532691186 34.8678966984153 55.2080782749238 2 21.2744483258575
"214" 48738.3784924163 35.9730125030037 26.4697972803298 6 6.39277047007694 29 67.5901736675898 92.949345195666 86.6197399699114 1 22.3502494161949
"215" 57434.2946240689 55.890346578788 13.1700386135378 7 7.53725660983986 32 53.2807068097742 35.0599888246506 69.1438055775338 1 76.3866575667635
"216" 50561.2277917695 43.7507218520623 31.2770347355898 8 9.78435610537986 34 70.5346894299145 14.9740478256717 55.4758508338148 5 61.6625781171024
"217" 48018.6794456613 32.3098325144965 41.9285942989161 10 11.0185663418894 33 51.8783171958495 43.4290336444974 69.1355113181839 1 70.0317536480725
"218" 72151.8113532815 36.9083268472459 33.4939558983282 10 11.4771298851263 37 40.512176166188 28.3847544342279 65.8017004639384 1 99.5643222006038
"219" 46744.5468486184 19.297001959756 41.2846042433152 8 10.9455637247898 19 63.4481522754021 51.7021700739861 63.6069480530993 0 79.2580699548125
"220" 30745.9669386166 57.902703298023 11.7384976827838 4 4.54970375565246 42 63.3122600926107 46.9395657535642 82.8989507094686 1 51.2075940612704
"221" 55785.018356651 19.4585840250365 48.7332541089723 11 12.384667764366 28 44.0431834879813 60.0409092847258 86.515213647047 4 56.7709797993302
"222" 44727.3068970636 48.6577160833403 7.48416259801017 5 5.88585236879338 37 50.6648310836273 33.3607867127284 72.98369826463 2 76.1727561475709
"223" 42173.058599656 46.0515319253318 20.0014991559699 6 7.93776436294202 20 40.4776619675834 85.1307636825368 86.8396594735745 1 20.1111250091344
"224" 33978.0319896924 32.6927187906113 32.0209476637991 6 7.22156998670012 28 47.9931409853619 57.0774040650576 103.17800043502 0 44.7008374845609
"225" 56425.4885490004 64.3847747154068 10.4111267963497 8 9.09097718662777 28 33.1328268742539 76.1711694765836 81.5120402754835 2 6.87194515485317
"226" 47389.7264835951 56.9595661354251 10.7712084454101 7 6.92535951606822 32 60.0277482927041 79.8118999460712 82.1327163839415 2 91.9299846282229
"227" 57735.0159297204 46.562742715003 26.246740334347 8 9.12794735464772 36 59.3317300788191 99.1920858621597 80.5689374836934 4 86.4455091301352
"228" 46484.5208404112 24.4912938834168 42.86488807121 9 9.81369586578118 41 34.9857751388384 85.2369654225186 73.7615899441892 2 43.8076078891754
"229" 40122.4486126734 58.9335766250733 5.08828364219413 4 2.40358516519481 34 48.1972554233556 97.7323266444728 77.3421506938199 2 82.5169586809352
"230" 68753.5490611808 45.1231239198241 12.2180231991917 10 9.59725259051066 40 51.1282403491526 77.7117992285639 68.925980012358 4 27.4726316332817
"231" 45923.544273329 55.5611108227167 13.0262235647353 6 4.64645706258268 36 44.7228364125324 87.4345179181546 55.4023246124489 0 51.542873843573
"232" 64219.2799381279 19.3252216859255 60.4524056252411 11 13.591579539131 31 49.0780612792752 6.60953915212303 57.3336558516881 5 94.6967785479501
"233" 31976.2635483659 30.0488137977663 28.8284069984345 6 6.84198737721608 31 49.0188896254719 2.22172578796744 48.9138743011603 4 0.831335363909602
"234" 43008.2585543675 53.5680449325591 7.32616573957611 3 0.850288843492285 40 52.6021167068183 27.7357569430023 62.6149646388266 1 70.6861843820661
"235" 45959.7290727023 57.0075703312177 -0.357357013256952 4 4.76123992093231 24 40.0018658259318 94.4543135352433 80.4812429395285 5 46.1649069795385
"236" 44135.5188780371 42.6144756923895 27.2474202957545 8 8.61984806134068 32 46.2083163830582 36.1900135409087 73.5636576220361 0 93.0032225092873
"237" 70230.6051798757 47.9830667416099 26.3347493826129 9 9.78732507778615 27 43.875329893855 60.0951973581687 76.119612706867 0 79.3620023177937
"238" 49658.5294805238 40.9315634677187 42.9063758962771 8 7.90581831924607 28 46.3292205843176 75.5932416534051 73.9792104826605 5 42.0259248930961
"239" 53663.3877665518 45.3464141064323 27.0179170306719 9 8.53241235377864 31 42.8276025797031 79.5487913070247 55.4996772775559 3 31.1531044542789
"240" 35864.4243820412 22.7173910669517 37.507243879785 6 7.15512867924565 14 52.3687145462796 5.86892017163336 89.5967076051561 0 64.4188973587006
"241" 39061.7408523564 57.5558565242682 10.0059587977976 6 5.76680459136912 22 38.1612002054328 23.502876306884 85.7221641809854 0 62.2349116019905
"242" 64971.0336283227 36.9172121144366 35.8036536708093 10 10.949429464775 32 53.6717438292989 24.8918393161148 71.4279576735089 0 93.4593808604404
"243" 68877.2249689334 54.3124168484937 13.8102148588367 9 10.6129008659323 33 56.1258519502395 77.0428312942386 72.6541364981934 4 14.9747575167567
"244" 68732.9553321514 62.7185189689044 8.63557509169898 9 10.5591859331122 37 33.3761565064321 74.704382265918 87.0158203736106 1 17.3507187282667
"245" 29290.4442571201 30.4770421453286 26.7902924924556 7 6.80610168810245 20 64.7077889248884 95.8438867935911 85.9012006869695 2 69.6232652757317
"246" 80749.4104045459 56.9769824217074 16.698987169696 11 11.8884071163139 25 59.5628940054352 83.0273100873455 28.1692840844685 0 56.7511215806007
"247" 65253.0924469931 48.7220714027062 17.6668474947441 9 10.2368767613316 30 64.2386145045582 58.1377025693655 94.3548207360263 2 9.15135273244232
"248" 49599.2380379261 55.5302088260651 18.4166074971338 7 6.38993276431064 29 52.0362009256874 61.4476050948724 79.5313272965689 0 0.855572940781713
"249" 60554.1166819739 26.7491183704697 42.4476745456922 9 10.2163019398792 36 72.7310104963917 32.0819030283019 65.5042101008962 1 29.054864984937
"250" 35429.221562722 53.4712560176849 6.524447935441 3 3.3160688970656 26 58.3272061897143 95.3959772130474 62.8858993741579 1 55.9624068439007
"251" 33557.6563766171 52.5882573176641 20.4871859998271 5 5.46108822932582 23 52.4349199995583 72.4845568882301 82.8482236994452 0 89.1710303490981
"252" 50735.756764064 53.333930185996 15.2139487882213 6 6.22270767240966 26 49.8344990165405 0.788566283881664 103.316413565692 3 14.9816947523504
"253" 32022.5621516333 33.6328807703685 26.2250612320125 5 3.46236226602579 25 39.3474015850246 66.7254583910108 90.6651778201176 3 41.2090713623911
"254" 52850.2849783962 20.7047853388358 51.6936907734602 11 9.95603527798958 34 55.5898928184742 59.0914341621101 68.3459946519053 0 29.7616458963603
"255" 69465.58849407 49.6975260332692 17.6372555601432 8 7.62706109301477 22 50.4315151117368 48.0786562431604 63.8709419844892 0 92.2335932729766
"256" 34491.8941555287 19.9537981362082 30.0706455793233 7 7.67977396486346 43 65.7493995047045 47.2875074716285 60.0841005943908 5 4.91457874886692
"257" 38923.388686804 48.2474625001196 14.6999917664243 6 6.18940710640118 29 56.4456281674076 2.50188529025763 87.5558777871032 1 64.2582455417141
"258" 50698.459091763 32.0814118257258 20.8665863605597 6 5.7660963877938 37 42.2380495707005 15.8235785318539 66.2503203755373 3 64.3606594996527
"259" 34736.0582026084 36.4912607837468 16.8302421585701 6 5.49134808363057 34 40.9960885852208 66.915092850104 80.5520451567251 3 89.099655719474
"260" 44250.7406017058 61.4047003248706 7.37791561025651 3 3.76085525093003 33 61.7683112286115 28.7734445650131 79.0923712639426 1 82.8125689877197
"261" 63091.331175071 49.9232363060582 18.74629647002 8 7.23102994098031 32 54.3192278197735 50.87512540631 53.1608878303704 4 47.3472460638732
"262" 64543.1752095518 51.7246764844749 16.8124012349757 10 11.8232660950312 31 45.2875123688377 59.5055032521486 78.7378672790762 4 64.3437582766637
"263" 55757.6999754064 51.7054211874492 20.1194079530225 8 9.19231264798638 26 43.5401144264149 62.5009478535503 64.2216285648648 3 75.2083135070279
"264" 22226.665053988 28.7240867700893 14.4333847017978 5 4.13446146737664 36 32.0639976553956 88.761496799998 65.8175854124372 2 53.4251524833962
"265" 49190.0489476075 37.2123751826584 32.2264550046068 8 8.54500936853103 37 54.4316068756595 71.4219180634245 87.9524297282676 4 70.3074236400425
"266" 65971.5982150743 44.8423562569078 21.1826250290365 9 10.8803818522001 33 53.7108135206096 59.9618007196113 58.8191608709553 2 6.90886925440282
"267" 62197.9255611741 59.3341569984332 1.36038749828077 7 9.07756894421146 27 65.3454676187917 57.4769420316443 101.783183345221 1 35.1450671209022
"268" 47137.7528884358 45.9498672622722 10.7354394315526 4 5.79330219689331 19 67.9429388391571 74.293296248652 65.7332780735172 1 9.25132140982896
"269" 9501.05287154446 61.1528218504973 1.19969970919622 2 2.20289879285351 33 37.9639046618984 76.8246514024213 73.8434850601105 5 94.4758443627506
"270" 50914.4995820167 34.5150351382326 31.9933446740257 7 7.37205887472895 29 47.5147124043363 17.647235840559 76.2535309780318 0 63.3494263514876
"271" 58606.2754622537 29.9374551549554 50.9303190864381 10 11.4340916495701 36 41.3188422575924 55.3435583598912 73.8321638447078 5 81.3403354492038
"272" 50687.0536958765 51.5632426973898 14.2819328638362 9 9.49197211496885 28 51.3521317749835 32.8270469792187 62.0616681911313 4 98.7525492208079
"273" 52361.1881026381 28.2681129567791 47.6905861512646 11 10.9495892497784 33 63.4118917509625 74.704183684662 83.3729342502265 3 20.4807848902419
"274" 56473.4805930316 38.8381857150234 41.1612053434678 10 11.785669919709 27 48.4801131593874 48.4308788785711 104.648380385796 3 36.9947757339105
"275" 44051.7539592468 50.7219960512593 10.9276730225035 6 7.11053104471744 30 54.0941981359434 1.00581261795014 75.4048296536145 4 88.282894785516
"276" 69649.6733862732 49.6546946782619 24.6825252400784 9 11.2971137085031 25 78.7264370874175 55.6886517442763 59.7843607829674 2 98.3244355767965
"277" 57055.9009981092 26.4853412001394 42.5306094372786 11 13.7135247533776 40 43.371367301242 80.6496278615668 75.0036648758191 2 31.5779086202383
"278" 31359.945941381 52.3920232946984 12.102408603365 4 5.61317263835129 28 49.5505484897426 70.1666631503031 71.4093670285247 4 31.4337616320699
"279" 70723.631845783 33.3484601783566 42.2291100392838 9 10.8391972512349 28 37.9728076052994 47.3000442609191 92.595341837985 2 0.442174565978348
"280" 68066.8840551474 34.5639557917602 38.9460708787733 11 12.2046164275942 36 34.8886521522843 42.6395501475781 61.3044588889694 0 41.0309807397425
"281" 62361.1094552282 55.0826796146575 14.6025860005094 7 7.63720470326197 30 39.0307729202304 88.5758534539491 70.7536937216837 2 41.221646219492
"282" 25060.5589672161 35.1332422590349 16.3791128416915 4 3.63875727430113 24 66.1020046409847 77.8362637385726 90.3579595204383 2 55.6926630670205
"283" 41460.4048459178 31.3085639304481 31.033553740662 7 6.66168470715396 28 40.5059285687894 0.569612695835531 78.4443676316952 0 17.7057368913665
"284" 59532.7072593429 30.2491209406871 44.3639917989116 12 12.803044585397 22 62.584719932222 60.4234479367733 92.8227716345996 2 83.4466078551486
"285" 50655.8301136679 19.2652294880245 46.6489674023588 10 11.4466472309586 28 55.9386907079538 98.6116437474266 49.8962520199051 5 34.1707679908723
"286" 55220.1845549196 48.8457567237783 18.3285699233217 8 9.11994408245632 32 53.0301314654631 8.75778619665653 64.0769583946025 4 98.5568650066853
"287" 86893.9032330562 53.0986554443371 30.1040763209926 12 12.441275130625 28 50.0182509354722 51.1510803829879 64.4750815789524 3 27.3488474776968
"288" 37724.295134005 47.6638388663996 13.8253001087998 5 6.46688101958448 36 50.9122342011824 64.022921724245 73.2912593215834 0 77.4465307127684
"289" 18301.998276063 20.562350672204 10.7117611199261 4 5.21704747796941 34 56.7666524211102 94.7215354535729 56.1092245956242 0 0.726557825691998
"290" 54105.4290864562 42.7823886347469 21.3536544352457 7 9.11215447133991 33 54.072552756734 4.37947164755315 66.5413802918992 1 31.2556605786085
"291" 39686.0473813488 22.1253063182812 30.6936304229383 6 5.12965773631863 17 37.6411930309329 67.5374719547108 47.1147047549157 5 30.7495575863868
"292" 56690.615794428 30.7035138676874 36.8673986131723 10 10.532189335376 30 50.7589425089231 26.2411582283676 84.3077894611292 5 27.1753362147138
"293" 37814.229143141 18.0598088253755 31.4606898711024 5 4.86063950535422 31 58.7335192320968 79.9663627753034 68.6868085126587 1 83.2193705718964
"294" 83180.832205027 51.2061743580271 11.2831362575929 8 8.61185305623071 31 50.8977646613938 61.4257632056251 78.5124502333734 1 71.270515746437
"295" 48144.4104263386 55.4627767943311 13.1147753064065 6 5.90447724255623 31 52.7118120661733 87.6162537839264 73.3039290400206 1 4.60019912570715
"296" 42839.9674095492 24.3117651664652 40.3870725295734 8 7.97217107655389 28 46.6090358628082 9.6151877194643 83.9447701686388 2 17.0305692823604
"297" 47506.0776277009 46.1591325202025 17.7907363989696 6 5.49060969214461 33 65.2153706484993 17.5401699263602 81.1929765216377 0 92.6555586280301
"298" 62938.4507543965 34.8830433771946 36.7111111019699 11 11.5920802650667 33 31.5938767904721 45.4579024808481 47.727220349006 3 28.8339622318745
"299" 51460.1072780423 49.8690343005583 12.5059241386434 5 5.09224464196254 31 43.11019086763 73.9579600747675 55.807818773087 5 93.6931825010106
"300" 25615.7489118307 35.1987133307848 18.2358477772857 2 2.22384263638592 33 64.7561712992177 46.2966839550063 61.0703101054439 2 51.2671253876761
"301" 49930.6884826031 55.641668604454 11.0746887125452 7 8.17851662092155 26 40.7875399809003 57.2553584352136 47.3818023032455 4 17.1814145054668
"302" 61403.6325149308 64.3904229437467 2.90460610199398 6 7.57300816374474 29 58.7068516929425 45.1227521756664 42.9941478145738 5 9.5498010981828
"303" 50584.8636930884 40.7132530647796 26.1633765966345 8 7.86430770023567 29 68.9350376087339 20.016502449289 89.7964753342911 4 98.9123638952151
"304" 61026.0821242166 21.6989697597455 59.3181584585668 12 13.2654166086986 27 41.6980636099479 18.8534196233377 73.5408471704621 4 89.2063084989786
"305" 47802.910595017 24.319387661526 43.5312372664002 7 9.87809012742784 27 52.6267371021224 1.23394227121025 72.822261057343 4 13.5793541092426
"306" 49131.6899692808 60.0337730944157 7.98303250289931 5 4.93926230541818 26 65.0728608883892 72.5803346605971 70.4491642865314 5 58.9706593425944
"307" 57235.541991568 51.536689410219 18.875122969465 8 9.50437418435304 44 51.5243327466632 71.2808402953669 59.1274918392419 2 55.7119858451188
"308" 64894.154551636 59.0858603562228 16.4752391745849 8 8.16606560339289 29 57.9384990474687 76.3354404596612 82.8604358567127 0 12.0000551454723
"309" 31304.0675295194 60.477418927243 -2.2629351182712 1 2.10051923356611 30 28.2070488886894 70.4682750161737 79.5779686818487 5 34.663093695417
"310" 49497.6871273159 40.4330980589148 33.4140665395869 9 10.2742299218268 24 72.2832435574896 34.794489457272 73.850424890277 2 22.1695777727291
"311" 48935.5672812501 21.1385935207363 43.9966760319643 10 9.88005043809576 29 32.1235526791707 59.4515977194533 81.0865146753271 5 89.6072689909488
"312" 38616.1901940357 51.8343151768204 10.4923003057298 5 6.3059047949727 19 46.6650811674567 66.5635315934196 91.4220362423104 5 37.3213209444657
"313" 34484.6095859127 30.7806642602663 25.5126509547156 6 7.39469944562332 35 38.0469290026037 30.0459712743759 52.3310946984825 5 10.5012879706919
"314" 40539.0206904377 33.3492763759568 25.0586992108677 8 9.37081659547008 38 56.5210254483854 20.126670692116 85.4712143939745 0 40.2646753471345
"315" 58802.1158001949 36.0973324656952 23.3913482973239 9 7.11566119376158 28 61.9404924585883 43.5303637990728 89.6790989938867 3 32.2056944249198
"316" 43755.1601572452 33.5433510744479 27.7202460849958 8 8.69291844388182 28 67.8297419843072 50.8999322773889 72.6885509186671 5 70.1783188153058
"317" 38226.6828574202 22.6332747836132 34.6652001975267 7 8.90578546356441 31 39.5417719489113 50.2585578244179 71.400779878484 2 6.83169304393232
"318" 52451.2447922915 45.3154024824034 13.279054225933 8 8.52279539915891 36 69.2029696333333 77.6390891289338 82.9291127497572 5 72.4074591184035
"319" 31449.2864733598 53.5410279231146 10.4172833099004 4 3.48430763036993 30 53.2139053492063 66.8332670349628 55.1648861846874 3 79.9044897546992
"320" 65688.1066435501 42.2991950702854 28.7407144118743 10 10.9383785607869 31 43.1133306140422 59.7047922434285 78.8041916942 4 53.2184660434723
"321" 42731.0687567194 30.9027124040294 38.2389971297796 8 6.14710591581043 34 58.9519652059056 93.1294942041859 76.6074774607448 4 71.6466075740755
"322" 52836.93217521 38.897035426693 30.6690335230602 7 6.47417889745312 34 61.4340651361194 55.6219605263323 81.3208645073856 3 13.1739282747731
"323" 50765.0949736246 60.0934950867668 1.35564315063743 6 6.41372304153671 35 36.5237003298517 66.4877645904198 75.2203755802349 1 44.8636286891997
"324" 49996.3899667034 61.3002810578328 4.77424814590642 8 9.49109158555441 43 36.366096552494 90.9971137531102 75.1331503047215 3 61.5352618973702
"325" 77140.730636643 42.5028118262999 38.2123736897142 11 12.5908362418038 22 51.609638106681 74.7765638167039 70.1319964238541 5 21.0701760835946
"326" 37620.0806433508 53.9955604395363 13.3684901074542 7 8.01605157394228 28 54.6515822703744 22.6896765409037 83.3609970025894 1 27.4476563092321
"327" 67182.0567834198 54.0359115325846 14.8877660445946 8 7.86002821517863 32 46.6067868369624 79.0995121467859 62.8616893224177 4 16.5212287800387
"328" 50473.5978132986 57.396795833949 -2.00174941096618 6 7.9832940515348 40 43.6664580514596 78.1298036454245 88.2809641524056 1 27.5386875262484
"329" 37471.9129203992 62.215235437965 -4.27810666491653 2 3.29674563578529 28 61.7885527482072 34.5826652366668 59.3694803302333 2 53.651875955984
"330" 48968.5452647523 37.8709161612205 23.979103507813 8 9.25637348155077 29 66.3729327778944 59.0247473213822 78.9753872407674 0 15.3134655673057
"331" 61201.575305187 46.4225867833011 26.3221127270932 8 8.64460424229411 31 48.4572853635344 38.7248445535079 76.274487195334 0 8.09731846675277
"332" 43617.2189840809 28.3492976762354 32.5886210074699 6 7.27150481007699 43 60.3965521824511 23.0743498541415 112.310406127388 5 92.9731159005314
"333" 38418.7664720981 58.3823393895291 2.33756915366739 5 4.65806474015894 27 44.4383048544594 78.5147291840985 75.0122529752527 1 98.0170530965552
"334" 52291.4616012184 61.6015603006817 -0.44340354289471 7 6.72699881776704 34 45.8962938723461 47.1926709171385 55.4867874872812 4 29.6666408656165
"335" 64828.952677682 45.4216096343007 27.7737203716923 8 6.63501091963277 22 57.0765574700143 71.5913987252861 65.5003855649132 2 13.5233820416033
"336" 48898.1249799174 48.9657120220363 12.4246815468634 5 5.59201039064692 34 51.8500568252112 35.3411398595199 63.5400446662448 4 95.8712426014245
"337" 29194.6016966039 21.0694981468841 25.2983415274906 4 1.80003892216417 43 50.5504639244835 31.9748551119119 87.3816628912709 2 47.0457163639367
"338" 30399.8614343696 29.4937355003785 18.2657632481818 4 4.10454353958586 24 37.8279294365302 74.6406146325171 54.6623296766115 4 0.773102720268071
"339" 38474.0701238309 41.9200134947896 11.9519444686164 6 6.77598446329517 23 51.2155895118977 67.3725805943832 65.9420662788023 2 27.4276208598167
"340" 42093.3781193831 42.2023289303761 25.1936035522957 7 8.24292875635094 38 42.9147713514079 65.9352226182818 89.7060691886486 5 60.2535513462499
"341" 49678.5940243756 53.8921771720052 5.15339543210717 6 7.50981727602492 30 41.7830341719141 89.5614838926122 68.5406562567247 1 39.7710553370416
"342" 60057.4710649442 30.5890211709775 44.3361322274029 11 12.7186241167611 40 66.2591192561115 3.34869595244527 78.5829172843932 0 79.0862006600946
"343" 43480.7444214139 50.3238227856345 10.7363284282476 5 4.48045887487954 28 37.9189549751276 59.3832861864939 81.1034169671671 4 46.810064651072
"344" 33291.8032503073 44.2131005392876 9.4318608482076 4 5.0559755751808 33 44.6180332204805 95.0367133598775 74.7324835375174 5 71.0885006468743
"345" 59106.5899231775 38.2559004588984 34.9296001269903 10 11.0503724492877 33 29.6296879791006 55.3338886704296 81.9150302394756 5 70.5767929088324
"346" 54131.8545310939 58.4630070722196 9.39459912339148 6 4.67484580437589 30 40.8857651343407 1.64657267741859 70.4160266108146 2 56.8729121470824
"347" 67360.206041221 23.2484476729296 66.1614863420012 12 13.2282347983387 25 43.3693824622726 79.384216456674 90.8745350082356 2 20.4061660682783
"348" 24762.7871078262 32.8663369964343 18.5563176601696 3 1.25174280974484 34 59.540402030387 75.3960578236729 100.63493007412 3 0.751478155143559
"349" 51309.7863334231 52.8264971855097 12.5974469841781 9 8.70758266100508 27 45.6381974824372 89.2440417781472 56.7873707009876 4 16.5676439879462
"350" 70300.42840914 43.6907634790987 44.8857159011023 10 10.5411784944889 20 61.7927956036128 22.7000441402197 100.179772402751 1 56.5336850006133
"351" 60862.6070102505 26.4465524230618 46.6733295334218 11 11.5310731080718 36 67.7214384072471 31.8973944755271 50.9943390675446 3 78.4620980266482
"352" 37511.7076135368 50.0365262969863 6.92675301652464 6 7.24642075170015 19 46.7232900672063 85.7490563299507 81.4870196808139 3 80.3103470709175
"353" 60987.9273015262 22.949903763365 51.8892860165229 12 13.1567116072365 36 49.8849986555595 88.9188355533406 107.010050691821 2 97.7868187241256
"354" 36921.0969500418 31.5633958547842 25.7142272368753 6 5.37281128105384 40 45.0615859987467 65.4253338463604 71.2542358540191 2 83.9178466238081
"355" 43199.0373315531 52.0305431045126 14.9227477103578 6 5.77028466023383 28 60.4331053746515 78.7238514982164 71.0093713129022 3 76.3965950580314
"356" 67813.0141794362 20.1333844354376 66.8141282227377 15 16.1115398215715 33 48.1613906140315 91.7027762392536 91.3787908208152 2 23.4488970134407
"357" 45647.8203231488 23.1146905198693 40.151525092753 9 9.84406106533565 36 39.515409517024 74.5499966200441 56.4837210879222 3 67.1639308333397
"358" 62428.1921744815 37.6285163732246 32.0736179460675 9 10.477250999459 22 48.3392130923525 42.9330022539943 66.4776803184069 4 57.0271440548822
"359" 45631.5843683125 46.0367081656586 24.0478079745827 8 8.16180024665844 25 54.3015174324409 89.6829247940332 71.5566968925229 4 57.4902300024405
"360" 26354.5639287814 27.2686645505019 25.7387036864358 7 6.78611116019273 30 34.072803516469 0.755189568735659 78.9255548746566 0 17.8566135233268
"361" 37267.7645457662 41.5519790581893 14.970768494327 4 4.72843399263696 26 55.4705287622412 49.7683634981513 49.6734510920865 1 53.0764478025958
"362" 33672.2020706421 56.7619262381922 9.33589723320233 5 4.34282633477678 27 60.2918159528107 40.8264363650233 69.4942648840557 1 43.3103664079681
"363" 42735.6414332424 22.3265578346327 41.0520656199538 9 9.4358387763815 35 46.0087274514639 27.8102323180065 86.8471329620993 4 2.68785217776895
"364" 44955.3318648564 40.1092244035099 29.0340458457142 8 8.42812293383365 45 47.7558206238502 54.2183891870081 77.398127585662 0 34.4940156908706
"365" 47699.6316400753 59.4041570771951 6.42728657928327 6 5.69839640480559 27 37.4900584365356 61.2202123971656 70.0926493010676 2 71.6473440639675
"366" 46351.2915713773 38.4792486983351 20.4493679845381 7 6.86100253403936 33 43.797449395053 88.8306246139109 77.733528543185 1 30.1148453960195
"367" 78383.0306240017 31.0028240745887 60.7104051331852 14 15.4697023910901 33 60.6001567268432 46.3201437378302 60.6708988451831 5 30.7098306249827
"368" 29210.0249407187 20.685325844679 23.8975394157219 4 3.23097944948327 31 49.7033877917493 12.0645990828052 72.7068250807236 1 69.0218593692407
"369" 43777.6354893833 59.5915276533924 7.67370878915723 4 4.17940618553 40 48.671788236206 72.0220169285312 56.0694731026774 2 61.7253420408815
"370" 55236.2229216025 24.9506156432908 55.4349836951068 12 11.8272797022058 42 33.7025325740723 39.4936384866014 97.6137194518265 2 75.5760577041656
"371" 74426.6339872311 32.9169297246262 43.7108583788981 12 13.8366679525164 24 57.8085284793279 71.6957598691806 79.8766372347508 5 93.354159896262
"372" 51327.8284357042 49.9889512544032 24.2028419772058 7 7.12296147150185 28 50.3177242749706 32.4667741544545 78.027172650583 2 62.2793281916529
"373" 68587.2606260084 31.283438108163 55.9684990422153 11 13.0483815040585 35 48.6390563929001 1.51072421576828 44.4986218676008 1 44.4897164823487
"374" 25331.6669636944 37.9628792938311 11.9287573375183 3 3.46823136446512 34 40.9849675460961 93.3829246321693 56.8048023067333 5 35.1857658941299
"375" 71695.3478806772 40.9145984067582 35.4843009326736 11 11.7860672423113 25 34.8991149029021 13.688412704505 75.6009494628622 3 71.9398811925203
"376" 39641.5974250223 29.3465342095587 26.6422581147391 6 6.00506503458966 39 29.9942774645361 5.23440670222044 68.5156554668277 3 65.4659518273547
"377" 45853.5337181922 34.9270656742156 26.4875299964387 7 8.12263802858338 25 46.7913536931688 52.9184322571382 86.4389261704723 0 23.881871951744
"378" 33358.7186015084 21.2502714595757 33.949962934803 7 8.02601642919313 30 38.9478003180239 85.5212634196505 90.5904076634433 4 30.9230877319351
"379" 52008.0397464418 34.9526758573484 28.7541928095957 8 9.16403143757019 39 49.7140739710576 0.455437786877155 58.2957636869242 2 92.029621056281
"380" 76780.0857759733 64.2000203356147 0.355212416830535 8 9.32724623535775 33 46.9349685479181 87.6359741436318 72.0651866008039 3 95.224938262254
"381" 86332.4503287738 26.9329579230398 69.2043345871509 15 15.2676737609102 29 58.2265043371046 40.3203365392983 102.628482775511 5 92.3431048169732
"382" 33847.5664682238 58.9789420380257 3.85326779839101 3 3.24828313658233 35 49.6431039754461 45.4635205212981 85.2373886058093 2 45.727731869556
"383" 57289.1166560465 23.2914753570221 51.7464789791043 11 10.6331571712983 31 54.8401870063035 6.11123011913151 89.7256117325747 2 78.0073593137786
"384" 70827.8260811644 27.1221759798937 65.0638057699538 14 15.7112444943527 34 28.7307921626652 80.3777277469635 62.8282257501438 0 26.8335297470912
"385" 47065.1477407318 52.3173593250103 10.4435616645966 7 6.87066838792761 27 52.4482672520458 71.7082680203021 89.9065055213141 5 78.7484960863367
"386" 46727.3780344068 30.7016513512935 30.1250010731022 10 10.6465794792325 27 54.7341254549424 69.5373168913648 49.9175089112318 2 18.6066801892594
"387" 45428.3306818033 27.8729518505279 39.846949845569 8 7.39902708300171 35 54.8821465715253 70.5080337589607 70.418751136832 4 61.6610347060487
"388" 58967.4908616716 45.3791098971851 26.5192691123285 8 8.62343406848585 29 50.8061767221957 23.7484068144113 65.9907878197613 5 52.0668818615377
"389" 70961.4411622364 21.9639851569664 66.1554853434955 14 17.157289471108 35 32.1943552481916 3.01135801710188 96.5690104164208 5 64.7022623801604
"390" 60314.2964185994 40.1795749331359 34.8065684392718 11 13.9332219652719 23 47.9506533946918 24.3536550318822 69.8022496315121 3 64.261564752087
"391" 54802.8202144545 32.3716601009946 30.9855627211227 10 8.42285708522578 38 26.4603511328199 62.448021187447 69.2376989588347 5 69.1668753046542
"392" 45471.9511133411 59.8630215493031 10.2864456206125 5 3.70810322751156 30 43.4140741295975 2.15613462496549 64.1125385098673 2 71.7525812797248
"393" 57475.2302833692 27.9444714470301 47.5839518807414 10 9.53825407492163 30 51.3605367444253 27.2939135087654 76.4997733301373 4 43.2448266306892
"394" 41756.9462312487 42.4882049686275 24.757071580714 8 7.23540030833719 35 57.9705867900852 94.3113582441583 82.6565289767843 3 52.9196469113231
"395" 45811.1524454414 18.6655864471104 42.1698131934509 10 12.8113836430083 32 53.6287283512017 99.8852056451142 51.5329062976155 5 29.0702385362238
"396" 66447.701646676 42.7603798937052 22.2322495686627 9 11.0092894489323 25 43.2806248479092 90.2655710931867 73.1685275738155 5 18.3649414684623
"397" 56630.1963226822 36.1208358071744 32.3734935656366 11 11.9291145722742 29 53.3436357924872 14.9449642281979 97.7872035942924 1 38.0721295019612
"398" 53615.2444103917 18.0720908888616 48.9987726623795 10 11.8711075982928 25 62.0621862518019 89.8020816966891 68.3327271686871 4 58.1570502137765
"399" 46165.8851696672 44.6200233565178 31.1321029068836 7 9.77934467845634 29 43.2622608819674 50.981837301515 61.9374343492893 1 70.1780811417848
"400" 63965.4935222732 39.047818319872 33.252754546823 10 11.7031889770299 33 48.0434342734332 49.3586131837219 84.0205430970365 0 76.8802896374837
"401" 70023.6887806321 46.9466209339444 25.8187413443546 10 12.9321254177822 27 52.1775921883182 62.0586093747988 84.0621960399608 2 34.9922549910843
"402" 36960.9235418684 20.360022141831 40.4198885264511 6 5.16306836035906 28 45.1945922270297 28.0363181838766 53.6830022298937 2 70.837058709003
"403" 50832.3043199765 48.6790011064149 20.7535194959803 7 6.50607854653508 27 46.532215122537 9.92024606093764 100.888959734428 2 2.70282553974539
"404" 50736.0036978788 33.1815920774825 37.7129686214687 8 9.7354627145227 27 59.9149800608055 4.91068968549371 77.8747093839262 5 66.4536333177239
"405" 41324.6640745865 25.4472059621476 47.945269662094 9 10.4580465057749 31 61.1133653358489 61.1523448256776 100.726054524063 3 77.0150790922344
"406" 35018.9201600599 27.958091319073 28.429883539612 6 7.14828277218852 20 45.5367328981583 28.2845608890057 58.9693320027359 1 64.5189496222883
"407" 49963.508299901 35.4988241961692 40.8872019883424 10 11.3048106488184 30 62.2853154585822 2.50186347402632 76.7466202793093 3 59.3149631982669
"408" 59832.6782421945 49.6633363752626 20.7927124314097 9 9.42828283177955 27 35.0083215831796 18.2038959115744 71.647429266512 4 18.7749308533967
"409" 72152.6341846483 25.3622454013675 53.5552818117282 12 14.3734768818661 29 38.8600346370917 64.3398528685793 104.124473960166 4 24.9476823257282
"410" 21362.7081758118 36.9770281731617 1.60091984372042 2 3.84160800575095 35 50.9232409204239 8.60417580697685 63.3410212423269 3 77.9747353401035
"411" 39463.4079003139 30.3409556457773 32.349779559791 10 11.8235365681322 32 48.0545152444524 95.3128992812708 86.8631602474306 1 40.7338476274163
"412" 45328.5467298212 34.431168947136 24.485467417769 9 8.26870883691866 29 51.6500055811864 62.1072936104611 58.4324881404962 0 29.6413072384894
"413" 25052.6445399894 23.3189908328932 22.4272982318191 6 6.55191768013118 37 46.1482666073841 81.3941117143258 79.6160140925874 3 65.7185007585213
"414" 38741.9983731156 31.78838400729 36.2614817503728 8 8.46408997387709 35 34.7820366561917 31.8239477230236 92.8209833368084 0 99.8689862433821
"415" 38339.7236122774 24.2092558320146 35.0105060960408 6 6.41964502191344 30 53.9184053017103 80.0805056700483 106.793445795028 5 95.0044377008453
"416" 39161.454502106 39.5353756186087 19.7822091336143 6 6.16290074933715 24 47.3500890683873 67.2281640814617 63.5044431938378 3 11.2761679571122
"417" 17167.481012794 52.5738501267042 -5.08403874965326 1 -0.290593042375609 35 62.0246021463461 12.4576904112473 71.0228376651318 1 85.7931891223416
"418" 53201.2782542983 20.5309103655163 46.3331887375451 14 15.5658566962693 37 64.2508282179541 21.9123215647414 85.8618898969771 0 26.9893273012713
"419" 40521.1559561775 36.452693493804 21.7340348073535 4 5.5955604253849 38 47.0166347418444 61.0176339745522 43.0242974504422 1 27.2155583603308
"420" 72807.3679074824 57.5529955977108 14.9571305639073 9 11.7125809291883 33 63.1942404361467 98.0333576677367 53.0316241316421 4 71.7345966259018
"421" 61939.3392412262 36.7003081110306 39.7122700643209 12 13.7206251717492 27 64.9268163969175 0.393719994463027 76.6672626265755 0 99.3157722288743
"422" 28197.056523008 39.4493952977937 15.3985797027953 2 1.31307866331447 19 30.477060994154 99.5136645855382 64.4959513975548 5 46.2205498479307
"423" 51475.9313150876 63.0328326420859 3.05572445613137 5 4.84141819273801 18 58.2419792798513 49.902302166447 86.5242051430235 0 90.2697042562068
"424" 41093.4352365027 54.4670176699292 7.76866944415946 5 4.70036984860906 31 34.5534043939549 93.3167721377686 87.8086260968064 4 25.1312197186053
"425" 63324.2175295177 40.4057516858447 33.2875516510584 9 10.5537708501444 25 53.3429848759726 33.998274221085 124.569783764247 3 68.7547306530178
"426" 50796.05623248 64.2747772883158 2.14216742868533 4 4.09846625957631 37 45.0237740973293 46.0095703601837 60.710491989708 5 84.0682843700051
"427" 41644.6456123302 31.8937535460573 31.5797900334269 7 10.3500657494463 32 48.0931608235999 49.734932789579 60.4117467120131 0 64.7864348487929
"428" 56575.9555425908 26.5229525060859 55.4546431522762 13 13.958049888941 32 58.8600031917304 74.1244152886793 68.205798547825 5 87.1120066614822
"429" 52289.1223796363 54.3100725100376 6.33279478073165 5 5.5803646700671 25 48.5965433452807 31.2518098391593 68.5599183715616 0 31.0335533460602
"430" 47530.7362737565 58.9239666769281 13.5186826359927 8 8.4085105053284 26 34.4543463389402 8.00716567318887 89.6306798058496 1 96.241776808165
"431" 80298.3593221396 32.7127769785002 58.5194992303911 15 16.2976965633569 32 62.7198839063263 6.96843666955829 57.388385054892 2 70.6113303778693
"432" 42059.2117052411 60.9704557345249 -4.12069686033263 3 4.04162193596438 33 37.5911283392461 9.10826530307531 71.5655333809356 3 26.013554749079
"433" 42938.1954052394 61.0101460649166 2.25980913457582 3 2.67268298697598 30 64.6054131387484 54.5477727195248 82.1066541693163 4 74.6933674905449
"434" 26810.9461397371 55.95242505637 2.01443492330818 3 3.06134041345635 27 56.7940741897573 32.753524533473 91.7592894216506 5 1.10443434678018
"435" 49392.0991505723 34.583339155186 27.2997366413988 8 8.36415636977801 26 53.3300098786147 51.0101306717843 67.0462778350662 3 45.1491991290823
"436" 63355.3445820601 49.7519354422111 12.8647459675441 9 7.12238844092692 32 23.6694493377906 95.4545282758772 68.9649243952685 2 80.6757127866149
"437" 18929.1822360618 30.6381539881695 11.3686736908393 3 3.60546832949993 23 33.5843849686421 49.4152843486518 93.2021795569498 5 67.7922370145097
"438" 46249.0231989047 63.0133252174128 -0.221868839998745 5 5.52865698246026 32 31.9465897253945 41.1625661654398 58.4795931819604 4 67.8049423731863
"439" 32275.2436002002 23.7047737755347 26.7400103615775 7 6.41400201166567 16 30.2644650910695 46.0443284828216 46.1294328225922 2 19.3889413261786
"440" 71629.0589752536 33.179803897161 38.1891277193422 12 14.7782074326416 26 33.5003657484107 82.2110633132979 79.9764454066188 4 85.0091310450807
"441" 70368.4330831829 47.5529528753832 28.329244011387 11 11.0147538815 37 53.1703464161909 56.9796865340322 55.410119269112 2 87.9420512123033
"442" 55017.5427101097 29.3706862982363 45.4389325800379 10 9.1374608260031 33 49.5804711313167 48.0250186752528 70.7431747023998 1 68.8694746699184
"443" 71440.0712060034 61.6510331400204 9.03864907004864 8 8.25437172474401 38 41.1431660791328 13.8157789595425 59.8429388149344 4 46.4203904615715
"444" 36990.2322368197 45.8616695860401 18.9160703359928 7 6.17855089192886 30 60.6719980766832 36.4336647791788 71.3285386407706 1 17.2052246052772
"445" 64259.7758745783 34.9630852492992 42.0698807347656 12 14.0745042755755 32 42.1742533940755 6.94306683726609 63.1936900467607 0 3.37834868114442
"446" 41224.8273705015 46.5928395665251 23.4871120999021 6 6.46204134690444 22 45.7720295580476 57.8967159148306 92.3983539318901 5 29.539774148725
"447" 54814.3628378844 46.3473003515974 17.371676759735 8 8.35930458476211 33 44.5778378864647 29.3341309763491 66.8074738706492 0 32.448055758141
"448" 45509.0597500264 59.4071510601789 -0.717591626580205 6 6.44473638734512 23 35.1740595282602 44.7362514212728 103.445745373989 0 66.3892347132787
"449" 45821.853750604 47.6361776182894 18.6177540621326 8 7.63495353826815 29 70.0208497839752 44.448437076062 94.6013680569437 1 60.7319434639066
"450" 58191.727374943 58.6960118880961 10.0092259167557 6 6.7646168007733 17 66.4122672663234 92.7058960078284 62.35206108924 0 90.2455197414383
"451" 30442.6826953269 61.3582010925747 -1.37372845913203 4 4.319780219508 34 32.8200312566988 81.7931705387309 38.1583898115817 0 72.8277218295261
"452" 46236.2830243631 44.7326031879056 20.1210964568632 7 7.44732531158771 21 46.7445495662841 9.33108539320529 61.1065182084399 1 80.8812277158722
"453" 52565.1106057686 53.0909217132721 14.935739979624 5 5.43205223103895 42 30.3914922587765 59.2430766439065 78.3224402026967 2 12.3887703055516
"454" 43947.9878187874 36.4222681212705 28.6203761725394 9 8.51346694487021 31 54.1618210344536 54.3480916880071 80.807655922618 0 25.3447606228292
"455" 51569.8916125359 24.6499657456297 48.6561206291893 10 11.7858850526622 36 51.2235039410763 4.14036707952619 88.4636027583186 2 52.2708945907652
"456" 45216.7881989899 62.4205784695223 7.14849647017849 6 4.94569477857817 29 44.8150526523526 48.9839154528454 71.3491290917081 0 36.7588562890887
"457" 74275.1590382514 29.4178103343584 44.0872984790296 14 17.9302864765781 27 32.1020435374037 34.7551627783105 89.3210419399566 3 45.9809202002361
"458" 60712.8290223293 19.0455469372682 68.0022010024737 14 17.0436096509238 29 42.8864959156736 44.6243637707084 70.4868397501598 4 90.4244887409732
"459" 94487.9805474986 28.7063325517811 75.2441694834008 17 19.9953520814655 25 61.9657731516317 28.6016753874719 81.1725336734704 5 31.6898205317557
"460" 38073.8359316118 29.1139849415049 26.2187993260908 6 4.97634092579333 36 31.2377121001083 26.0915564838797 77.2085598491976 5 19.4505491759628
"461" 62215.4887201987 44.1456911158748 22.0324315880002 7 8.15297531139454 25 39.5845109161044 81.7515414441004 92.4732792941578 4 17.1043029753491
"462" 81470.4621519556 49.1471793095116 32.0048240526318 11 10.7756078013414 16 50.8937150971072 76.3461805647239 74.4391071257285 2 2.91193497832865
"463" 54514.7008272886 41.4259889358655 28.9836749808352 9 9.54565949397448 31 61.1811496619362 46.0742464056239 62.757095851294 4 8.70328408200294
"464" 33753.8728724115 23.4319455290679 35.2432758888629 7 8.08958626881852 31 43.5850613945273 6.98499009013176 118.715961875395 4 66.1045969463885
"465" 34905.1624729507 48.2463837352116 12.140713672592 5 6.0708036483291 27 17.5970771643927 82.7485046116635 56.2163375811036 5 58.9956921292469
"466" 49468.7815262358 47.4760722615756 17.2268179513261 8 8.68024714353783 29 76.1306551786169 77.4606847204268 78.2573183557895 0 30.363179044798
"467" 69636.8654128012 30.0075706280768 63.053136093645 14 15.3733053803428 42 39.3991210960169 73.4924910822883 62.4377014616177 4 13.3781324839219
"468" 61256.0072997008 29.0804735440761 36.6346473752075 9 10.1840877679149 42 64.6295407973578 1.42690404318273 82.8530635895199 5 56.1618062434718
"469" 17924.4750858137 34.6064911046997 13.5457998352922 2 0.366999302159486 34 39.8271688675034 6.67836577631533 87.0858159321163 1 21.4161585317925
"470" 39494.6883670005 32.4386204658076 29.2858015549782 7 7.03250996024097 28 51.9248706158693 93.9800353487954 90.8763833291483 1 20.7248453516513
"471" 49864.1528706052 54.2258339272812 13.6242155318206 5 7.22105597202784 30 42.9086416683133 92.5138608552516 46.0198664189167 4 78.1075366772711
"472" 28127.9976913285 28.7348321133759 24.4942483100329 6 4.40861274842664 25 49.3505511120193 75.8679753867909 90.8804349810042 4 47.5757458480075
"473" 60417.944697423 39.6354283608962 31.2238252460745 10 12.6381525881829 37 48.2083239392545 34.5602822722867 108.383215260001 3 30.3270749049261
"474" 13079.9678722027 57.3872488739435 7.9500476321004 2 2.42387287523942 31 35.3529720596424 52.0545936655253 70.7832746313539 5 8.81503766868263
"475" 52149.3464606068 30.0537389428355 26.5036069183532 7 7.24286266330687 23 48.6687268744857 89.0513494843617 58.0581502550175 5 62.1794404927641
"476" 44131.6682130942 39.6375958269928 19.7867475548452 6 8.65457663288858 31 49.5756336411171 0.759172346442938 56.1922970162747 3 25.2760792616755
"477" 42632.5387157889 57.2105387449265 6.46990508800754 4 4.22394960665111 37 58.3885428949893 66.8839623453096 56.5013601177694 3 84.7763576311991
"478" 45745.2882132192 33.5226800763048 31.4530827045055 8 10.4788005919839 32 42.3552391448527 46.5705090668052 85.1448395052164 0 17.8531423676759
"479" 54721.9220706176 41.7530519075226 29.0987311961814 11 12.0258262949007 32 68.9815046128196 72.7441931376234 79.8688152947516 2 58.2246973179281
"480" 55944.8986690848 54.2683552550152 15.9707590805788 6 7.11269892288883 26 56.5078645175895 23.0148632312194 36.3927085785006 1 86.3477323204279
"481" 46615.9443344606 26.4455834606197 30.6967849035076 6 5.87546780337342 29 40.1373076045351 66.0827278858051 96.1077089736555 1 53.1022064620629
"482" 21125.7435448916 64.6593736661598 0.191459076737145 2 1.06331252335995 29 39.1012001780015 87.8540950827301 85.106008546467 0 94.7028000140563
"483" 28411.5605251703 62.9478981913999 3.86133829593499 2 0.0504848391187798 27 59.6516860550393 12.5555723439902 62.0226510043493 1 27.3762467317283
"484" 27955.133390414 42.3123569651507 20.1260641951584 3 2.44943814121925 27 51.1197707512286 5.12713552452624 96.4670751877712 4 12.231750623323
"485" 61427.951703379 23.7050016534049 53.4038031156193 11 12.8553278415005 49 35.6532098470976 75.7484510773793 78.4299906880514 3 22.2284093033522
"486" 46345.7752719308 44.4636372327805 28.246250662461 7 6.41853648966655 24 31.5483698256273 5.33582204952836 51.0510514506358 0 38.200193317607
"487" 54045.1491112701 19.7603033860214 50.6133414043186 9 8.64835479292706 23 58.0120101754862 78.1051138415933 66.9272040880257 2 19.3463190225884
"488" 26616.0871856628 62.841559843393 0.97283337764505 3 2.61787568826101 31 50.4279679308934 41.1122146993876 73.4021397302604 1 11.6296833613887
"489" 41966.1798995553 18.5698935871478 42.258394008462 9 9.73929160592217 28 60.8001747446509 15.3213862562552 61.9949082593375 0 63.8587635010481
"490" 58436.7795976024 45.101783842314 22.2282604218488 8 8.28595992103778 25 38.5782657724742 47.8002256015316 42.585291275839 4 92.3729385249317
"491" 47325.1081487012 52.8983184050303 15.7650815260743 5 6.59476597623551 23 61.2187287523734 14.9715985637158 60.4036959413229 2 3.12910976354033
"492" 48272.9602069602 26.8673605686054 32.4364972258451 9 9.99879659342612 29 43.0877269109114 26.5209685545415 54.562501537088 0 61.2214230699465
"493" 48919.0779184045 31.9625118523836 34.3582387037363 7 7.5225034575684 25 41.0363987708388 87.7651706105098 75.1169715675536 5 66.2599770585075
"494" 68163.6471038945 39.0083726649173 34.9926939177815 9 8.91408389868005 33 37.9041350387734 42.6869690185413 76.0439528650412 2 48.8230111310259
"495" 40776.5464880045 36.3978333957493 22.0794733424724 6 5.43387712552746 32 51.4242648664786 79.0957169840112 67.2794268132299 2 11.9610992958769
"496" 60141.8968747205 48.8810389786959 26.3832884558799 8 9.26440692444283 28 38.6856584901729 39.625807129778 93.0351090666735 5 78.3098137471825
"497" 63478.9940830633 46.8556114872918 29.7672160914106 9 9.62025443287041 23 61.0709562227877 95.6720042275265 69.5592490646957 3 56.7956309067085
"498" 32160.2314471847 52.2539628020022 16.7117391610034 4 5.25755763682557 24 47.1132528846127 29.9567013746127 85.2449436553638 1 25.663122581318
"499" 51818.8827472851 33.060423031915 33.8953393090766 9 8.13626529940945 37 55.1138895226315 59.2232207069173 80.1735189823288 1 89.7255840711296
"500" 49831.6747080438 24.7772427694872 42.8081178562778 8 8.98831767990756 27 52.351631665215 24.9765618238598 87.1551038958336 1 51.3383478391916
